AD 4 813 69 48
AE 81 819 72 36
AF 159 813 72 48
AG 237 813 72 48
AI 315 819 72 36
AL 395 813 67 48
AM 471 819 72 36
AO 549 813 72 48
AQ 627 813 72 48
AR 705 815 72 45
AS 783 819 72 36
AT 861 813 72 48
AU 939 819 72 36
AW 1017 813 72 48
AX 1095 814 72 47
AZ 1173 819 72 36
BA 3 765 72 36
BB 81 759 72 48
BD 159 762 72 43
BE 245 759 55 48
BF 315 759 72 48
BG 393 762 72 43
BH 471 762 72 43
BI 549 762 72 43
BJ 627 759 72 48
BL 705 759 72 48
BM 783 765 72 36
BN 861 765 72 36
BO 940 759 70 48
BQ 1017 759 72 48
BR 1096 759 69 48
BS 1173 765 72 36
BT 3 705 72 48
BV 84 705 66 48
BW 159 705 72 48
BY 237 711 72 36
BZ 315 705 72 48
CA 393 711 72 36
CC 471 711 72 36
CD 553 705 64 48
CF 627 705 72 48
CG 705 705 72 48
CH 795 705 48 48
CI 861 705 72 48
CK 939 711 72 36
CL 1017 705 72 48
CM 1095 705 72 48
CN 1173 705 72 48
CO 3 651 72 48
CR 81 654 72 43
CU 159 657 72 36
CV 237 654 72 42
CW 315 651 72 48
CX 393 657 72 36
CY 471 651 72 48
CZ 549 651 72 48
DE 627 654 72 43
DJ 705 651 72 48
DK 787 651 63 48
DM 861 657 72 36
DO 939 651 72 48
DZ 1017 651 72 48
EC 1095 651 72 48
EE 1173 652 72 46
EG 3 597 72 48
EH 81 603 72 36
ER 159 603 72 36
ES 237 597 72 48
ET 315 603 72 36
FI 393 599 72 44
FJ 471 603 72 36
FK 549 603 72 36
FM 627 602 72 38
FO 708 597 66 48
FR 783 597 72 48
GA 865 597 64 48
GB 939 603 72 36
GD 1017 600 72 43
GE 1095 597 72 48
GF 1173 597 72 48
GG 3 543 72 48
GH 81 543 72 48
GI 159 549 72 36
GL 237 543 72 48
GM 315 543 72 48
GN 393 543 72 48
GP 471 543 72 48
GQ 549 543 72 48
GR 627 543 72 48
GS 705 549 72 36
GT 783 545 72 45
GU 861 548 72 39
GW 939 549 72 36
GY 1017 546 72 43
HK 1095 543 72 48
HM 1173 549 72 36
HN 3 495 72 36
HR 81 495 72 36
HT 159 492 72 43
HU 237 495 72 36
ID 315 489 72 48
IE 393 495 72 36
IL 474 489 66 48
IM 549 495 72 36
IN 627 489 72 48
IO 705 495 72 36
IQ 783 489 72 48
IR 861 493 72 41
IS 941 489 67 48
IT 1017 489 72 48
JE 1095 492 72 43
JM 1173 495 72 36
JO 3 441 72 36
JP 81 435 72 48
KE 159 435 72 48
KG 237 438 72 43
KH 315 436 72 46
KI 393 441 72 36
KM 471 438 72 43
KN 549 435 72 48
KP 627 441 72 36
KR 705 435 72 48
KW 783 441 72 36
KY 861 441 72 36
KZ 939 441 72 36
LA 1017 435 72 48
LB 1095 435 72 48
LC 1173 441 72 36
LI 3 384 72 43
LK 81 387 72 36
LR 159 386 72 38
LS 237 381 72 48
LT 315 384 72 43
LU 393 384 72 43
LV 471 387 72 36
LY 549 387 72 36
MA 627 381 72 48
MC 711 381 60 48
MD 783 387 72 36
ME 861 387 72 36
MF 939 381 72 48
MG 1017 381 72 48
MH 1095 386 72 38
MK 1173 387 72 36
ML 3 327 72 48
MM 81 327 72 48
MN 159 333 72 36
MO 237 327 72 48
MP 315 333 72 36
MQ 393 333 72 36
MR 471 327 72 48
MS 549 333 72 36
MT 627 327 72 48
MU 705 327 72 48
MV 783 327 72 48
MW 861 327 72 48
MX 939 331 72 41
MY 1017 333 72 36
MZ 1095 327 72 48
NA 1173 327 72 48
NC 3 279 72 36
NE 89 273 56 48
NF 159 279 72 36
NG 237 279 72 36
NI 315 276 72 43
NL 393 273 72 48
NO 474 273 66 48
NP 565 273 39 48
NR 627 279 72 36
NU 705 279 72 36
NZ 783 279 72 36
OM 861 279 72 36
PA 939 273 72 48
PE 1017 273 72 48
PF 1095 273 72 48
PG 1177 273 64 48
PH 3 225 72 36
PK 81 219 72 48
PL 159 221 72 45
PM 237 219 72 48
PN 315 225 72 36
PR 393 219 72 48
PS 471 225 72 36
PT 549 219 72 48
PW 627 221 72 45
PY 705 223 72 40
QA 783 229 72 28
RE 861 219 72 48
RO 939 219 72 48
RS 1017 219 72 48
RU 1095 219 72 48
RW 1173 219 72 48
SA 3 165 72 48
SB 81 171 72 36
SC 159 171 72 36
SD 237 171 72 36
SE 315 167 72 45
SG 393 165 72 48
SH 471 171 72 36
SI 549 171 72 36
SJ 630 165 66 48
SK 705 165 72 48
SL 783 165 72 48
SM 865 165 64 48
SN 939 165 72 48
SO 1017 165 72 48
SR 1095 165 72 48
SS 1173 171 72 36
ST 3 117 72 36
SV 81 115 72 41
SX 159 111 72 48
SY 237 111 72 48
SZ 315 111 72 48
TC 393 117 72 36
TD 471 111 72 48
TF 549 111 72 48
TG 627 113 72 44
TH 705 111 72 48
TJ 783 117 72 36
TK 861 117 72 36
TL 939 117 72 36
TM 1017 111 72 48
TN 1095 111 72 48
TO 1173 117 72 36
TR 3 57 72 48
TT 81 60 72 43
TV 159 63 72 36
TW 237 57 72 48
TZ 315 57 72 48
UA 393 57 72 48
UG 471 57 72 48
UM 549 62 72 38
US 627 62 72 38
UY 705 57 72 48
UZ 783 63 72 36
VA 873 57 48 48
VC 939 57 72 48
VE 1017 57 72 48
VG 1095 63 72 36
VI 1173 57 72 48
VN 3 3 72 48
VU 81 6 72 43
WF 159 3 72 48
WS 237 9 72 36
XK 317 3 67 48
YE 393 3 72 48
YT 471 3 72 48
ZA 549 3 72 48
ZM 627 3 72 48
ZW 705 9 72 36
